rnn   0.34  0.49  0.51  0.6 0.34  0.49  0.51  0.6 0.34  0.49
0.51  0.6 0.34  0.49  0.51  0.6 0.34  0.49  0.51  0.6

cnn    0.6   0.7   0.8   0.89 0.6 0.7   0.8   0.89 0.6   0.7
0.8   0.89 0.6 0.7 0.8 0.89 0.6 0.7 0.8 0.89

svm+tfidf 0.3 0.13  0.23  0.38   0.38 0.3 0.13  0.23  0.38   0.38
0.3 0.13  0.23  0.38   0.38 0.3 0.13  0.23  0.38   0.38

cot       0.6   0.7   0.8   0.9 0.6   0.7   0.8   0.9 0.6   0.7
0.8   0.9 0.6   0.7   0.8   0.9 0.6   0.7   0.8   0.9

tor       0.1   0.2   0.3   0.4  0.1   0.2   0.3   0.4  0.1   0.2
0.3   0.4  0.1   0.2   0.3   0.4
